0.9607843 0.6901961 0.25490198 80 50.0 0.5
-0.9831442 -0.18283165 89.81294
0.9988905 -0.047092482 85.19348
0.19215786 0.981364 88.80339
0.7860836 0.6181202 84.87212
0.9873305 0.15867734 63.711937
0.5046491 -0.8633245 83.09958
-0.13304387 -0.99111015 62.532536
0.075046025 -0.99718004 63.09304
-0.28359357 -0.95894456 98.40434
0.7805889 -0.62504476 83.62653
-0.99736595 0.0725339 75.96943
0.97272295 0.23197003 62.395954
0.6511269 -0.75896883 90.98783
-0.9953609 -0.09621172 68.67727
-0.49174023 -0.87074196 84.98303
0.37448627 0.92723244 91.046585
-0.95569843 -0.2943477 88.527985
-0.08353119 -0.99650514 70.737465
0.5010237 -0.8654336 76.56012
-0.35772815 0.9338258 71.1665
-0.37962615 0.92513996 60.77986
-0.3121872 0.9500206 93.5204
0.21477598 0.97666335 64.810196
-0.1455898 -0.989345 89.449814
-0.99590886 -0.09036318 97.57115
-0.21492486 0.97663057 75.36439
0.9948446 0.10141115 62.572502
0.46893856 -0.8832308 67.20282
-0.9953556 0.09626636 61.99531
0.92116225 0.3891787 66.619316
-0.79829717 -0.60226375 94.09003
-0.091973834 0.9957614 74.16587
0.33099243 0.94363344 83.25893
0.94813454 -0.3178693 85.26673
-0.7834064 0.62150985 60.036064
-0.9508432 0.3096727 81.709595
0.8667806 -0.4986897 61.97245
0.26354906 0.964646 94.275665
0.26527956 0.9641715 68.248886
-0.39970836 0.91664237 68.380135
-0.44249612 -0.8967704 65.869
-0.54233533 0.84016216 89.70415
0.70088166 -0.7132776 61.85074
0.15121879 -0.9885003 94.40129
-0.30042756 0.9538046 75.38116
-0.8582798 0.513182 80.31436
0.86783254 -0.4968568 90.99735
0.997675 0.06815123 91.62387
0.5734984 0.81920666 76.20094
0.9834511 -0.18117368 97.47688
0.15114403 0.98851174 65.324646
-0.18845482 -0.9820819 71.545586
0.19782647 -0.98023707 69.89361
-0.92643356 -0.37645838 98.39765
-0.33451647 -0.9423899 91.22963
-0.47494343 -0.8800163 76.407715
0.9987674 0.049636234 63.831078
0.39420232 0.9190237 76.208786
0.9985543 -0.053752556 61.44277
-0.9733395 -0.22936931 87.00722
0.40239727 0.9154652 68.15619
0.9829939 0.18363816 67.222404
-0.19458668 -0.9808853 63.919353
-0.0966943 -0.9953141 95.74628
0.23479265 -0.9720455 90.184296
-0.24998064 -0.9682508 88.654274
-0.99916655 -0.040819354 92.89784
0.52474016 0.85126245 94.57362
-0.565999 -0.82440597 75.593956
0.68385255 -0.7296203 69.382034
-0.19077374 -0.981634 77.043335
0.8755779 0.4830769 94.85512
0.061705478 -0.9980944 60.953945
-0.715021 0.699103 71.81046
0.22788888 -0.9736872 67.91472
0.8711315 0.49104983 89.84361
-0.7532673 -0.65771455 73.57886
-0.9298021 -0.3680598 64.67416
-0.8579652 0.5137078 76.56435
0.97952765 0.20130971 90.301315
