0.9607843 0.6901961 0.25490198 20 12.5
0.71571374 -0.69839376 19.671793
-0.60679036 0.7948619 17.511883
-0.5773868 0.81647074 21.084366
0.56677043 -0.8238758 23.027176
-0.1584555 0.98736614 21.583662
0.029640462 0.99956065 20.704422
-0.9885577 -0.15084317 18.214695
0.99654716 -0.08302877 23.510216
0.053901006 0.9985463 15.932045
-0.52790207 -0.8493053 24.82128
-0.11440728 -0.99343395 23.118877
-0.5618008 -0.8272726 17.063393
-0.05425558 0.9985271 21.502758
0.6996882 -0.71444833 19.979525
0.93948424 -0.34259206 17.552204
0.88671577 0.46231496 22.285763
0.9992915 0.037636556 17.111311
0.9536171 -0.3010223 24.944744
-0.62531656 -0.7803712 20.287195
0.017394934 0.9998487 15.400874
